"LOR002C" "LOR003C" "LOR005C" "LOR006C" "LOR007C" "LOR008C" "LOR009C" "LOR011C" "LOR012C" "LOR013C" "LOR014C" "LOR015C" "LOR016C" "LOR017C" "LOR018C" "LOR019C" "LOR020C" "LOR021C" "LOR022C" "LOR023C" "LOR024C" "LOR025C" "LOR026C" "LOR027C" "LOR028C" "LOR029C" "LOR030C" "LOR033C" "LOR034C" "LOR036C" "LOR037C" "LOR042C" "LOR046C" "LOR051C" "LOR054C" "LOR055C" "LOR058C" "LOR060C" "LOR061C" "LOR062C" "LOR063C" "LOR065C" "LOR070C" "LOR072C" "LOR074C" "LOR076C" "LOR078C" "LOR081C" "LOR082C" "LOR083C" "LOR084C" "LOR085C" "LOR086C" "LOR090C" "LOR091C" "LOR098C" "LOR099C" "LOR101C" "LOR102C" "LOR103C" "LOR202C" "LOR203C" "LOR204C" "LOR206C" "LOR207C" "LOR208C" "LOR210C" "LOR211C" "LOR212C" "LOR214C" "LOR215C" "LOR216C" "LOR217C" "LOR218C" "LOR219C" "LOR220C" "LOR221C" "LOR222C" "LOR223C" "LOR224C" "LOR225C" "LOR226C" "LOR227C" "LOR228C" "LOR229C" "LOR230C" "LOR231C" "LOR233C" "LOR234C" "LOR235C" "LOR237C" "LOR238C" "LOR239C" "LOR240C" "LOR241C" "LOR242C" "LOR243C" "LOR246C" "LOR248C" "LOR249C" "LOR254C" "LOR258C" "LOR259C" "LOR260C" "LOR262C" "LOR264C" "LOR269C" "LOR270C" "LOR272C" "LOR274C" "LOR275C" "LOR279C" "LOR281C" "LOR282C" "LOR283C" "LOR284C" "LOR287C" "LOR288C" "LOR289C" "LOR294C" "LOR295C" "LOR300C" "LOR301C" "LOR303C"
"LOR002C" 0 0.66273121406059 0.87461123352027 0.971810081227486 0.865183550077599 0.876040719083568 0.821026139370127 0.82127762421555 0.951977969152085 1 0.984211843405841 0.816785163791687 0.875015192938743 0.790213013753366 0.919522870915919 0.937893884435526 0.841742797864066 0.807026039556371 0.877200874878395 0.865646239525457 0.740689889426885 0.933152243635443 0.983190928131564 0.856626306366129 0.89589056178075 0.940345100000496 0.758180239923637 0.899857179762266 0.846949459682484 0.900563183134307 0.770534119223915 0.890157489113341 0.808692049743811 0.911688638714322 0.848765430679073 0.819628319874786 0.896610357078139 0.945569332826447 0.93577182725092 0.835353335354679 0.877454446039288 0.910705607320177 0.825866477590903 0.795007228276425 0.78637841749444 0.850075332792729 0.956817542772621 0.897365925172851 0.856546794809356 0.98101005935704 0.846523837055476 0.966251530662296 0.939617091217763 0.866486331726721 0.787010048962568 0.954524070849236 0.896759705430946 0.761714877264826 0.785500643007617 0.856988958199132 0.801377994719793 0.831139525016783 0.789313441308449 0.925285719334946 0.870409902697775 0.989665653738093 0.840569912482453 0.994397344432167 0.861560577198289 0.807760863387643 0.932798518721398 0.829549335157459 0.77391725107582 0.741128786220196 0.778325052973091 0.900387287369179 0.94304571405802 0.888767481980493 0.832382654357759 0.541970159600745 0.8597522006658 0.791482932025704 0.786105408051222 0.878772083864018 0.818575151451372 0.837333320516216 0.940857838666121 0.79202511052685 0.828784845082223 0.812010113292735 0.900253595887727 0.855010071054875 0.849697628443326 0.773246569030091 0.975022671399052 0.863654248033087 0.890554691713018 0.768260420765738 0.941589118208176 0.827268491019356 0.799946965701725 0.746782820696682 0.805463200563826 0.82431473082932 0.800695010717163 0.8051076009833 0.787916165115838 0.803137182346587 0.889906878173312 0.924962530171996 0.851134603755562 0.712416634086299 0.744945887806648 0.843115018407145 0.812207987319678 0.862508868964851 0.829073855658816 0.65090294002265 0.931749539189946 0.843268474929761 0.848806768993962 0.776646896083865 0.737140197602047 0.764765918324406
"LOR003C" 0.66273121406059 0 0.810629035873882 0.941461093979571 0.740343248200589 0.713474553639238 0.687365928488594 0.643880160217659 0.844552085857441 1 0.877683305003372 0.738763029626817 0.684127563848563 0.652445233861524 0.878681066320995 0.765016774525833 0.557102853867742 0.577413102339744 0.682495786512557 0.637282766819468 0.749809624420013 0.756003114263363 0.967581446542012 0.692653204192432 0.799069083706352 0.840434217631144 0.658667204187605 0.717686002269362 0.639602111035021 0.72418760046814 0.510773286063039 0.706713766770028 0.613167719243072 0.746534923706985 0.631692938184721 0.651277198983394 0.876298464176119 0.887636160084101 0.774402038892914 0.697778677651048 0.730922784178775 0.794471202214397 0.6405224595309 0.646310571354511 0.580414551699369 0.706294680123436 0.898838342902226 0.830051280313717 0.682899515652618 0.95778400273919 0.751176108941351 0.942520741322939 0.783739440603122 0.654486116309916 0.722135239937121 0.922443578620368 0.759310773890717 0.718959982334554 0.657338026159767 0.675875002686948 0.685753378712683 0.773133733253376 0.709158340405987 0.906814677673492 0.701516387278873 0.950032232319438 0.702968741685261 0.982176646295664 0.706683233503616 0.629017067105813 0.777919681430151 0.643390320739855 0.719307951620392 0.652502875502099 0.658855803326888 0.790299670561104 0.877158680910716 0.837725558979308 0.59298636200812 0.686394014372162 0.6794007447659 0.603988640789044 0.707023358791089 0.772571505834405 0.603031273942573 0.723344158534838 0.839848020916199 0.541863899596066 0.617757899384166 0.687611988401813 0.829071815826664 0.678759742572733 0.650363311197532 0.620332894866571 0.938722875032297 0.700387371632139 0.665921330572364 0.584288720598758 0.778630542450435 0.773613206942894 0.736066706331823 0.654910469427218 0.697776620694222 0.582438164062403 0.612876877494461 0.721146191097198 0.713203977953942 0.635559151517589 0.701151677402489 0.720276536960227 0.633124528011309 0.605178092467236 0.684613553052007 0.672231516009147 0.600026226336406 0.79386443941693 0.58252444902508 0.566304715462899 0.792591599614566 0.671100731460051 0.634925405648487 0.606153198841257 0.581931985389182 0.682731234514809
"LOR005C" 0.87461123352027 0.810629035873882 0 0.618975489997495 0.891140813130735 0.845559936386534 0.623255237766576 0.810529672093518 0.421418425855609 1 0.809935183351414 0.892374920019254 0.757016793811312 0.57962991460285 0.961958071954378 0.8970212193546 0.865024969983714 0.806662825968365 0.865975998970185 0.795219577948125 0.936755683288731 0.911000828706605 0.988635724715123 0.761376133208818 0.930331955785736 0.947041052196408 0.493902628187488 0.819617286237855 0.824804951674825 0.865378165644823 0.887733314020647 0.853035132124956 0.895173367447486 0.848900341495944 0.86042728559384 0.734367192205603 0.944421297524478 0.964956315363359 0.889753894553367 0.797409982298765 0.831452884432008 0.697434195546501 0.763102898232367 0.703793810529105 0.858844953831629 0.764157892413039 0.964112630959323 0.936984575200291 0.785402056541282 0.990500388327786 0.882242856473009 0.9536328281587 0.890524389632999 0.878376554255246 0.570788487917353 0.975272105300733 0.624788481089867 0.410468027902762 0.57552538452449 0.888271762290445 0.546595460745082 0.538734038629631 0.344275239454848 0.963467420074428 0.584162037236568 0.983610234394578 0.856921708986531 0.992857663257865 0.844339589823804 0.698360564961975 0.881208484312879 0.711747104097327 0.412712783458341 0.60599827667385 0.647484987076316 0.67208787112342 0.960666434429531 0.947921427878628 0.775150453632875 0.646939719408539 0.881184562217738 0.669428870530355 0.449406625530828 0.795702967657331 0.864754390428232 0.698131248896682 0.236463138768244 0.79710252803425 0.799442472917225 0.607957255452603 0.942942914943994 0.821272534890429 0.8576501408679 0.727362772898004 0.979860715809729 0.905037265793847 0.845164530307724 0.654720080155164 0.906230442775906 0.319369735009008 0.529234835935584 0.549231474506397 0.427062481324093 0.824045884806729 0.744089370435592 0.342481118237375 0.56636603106286 0.770280576220348 0.864537096744872 0.856485801544274 0.857738596774602 0.649249141348542 0.893359202495123 0.787880012209758 0.88665107990186 0.934968624462326 0.830346683517465 0.606413322444466 0.926268286211105 0.845686929325712 0.874856635656921 0.688046285490263 0.684199555903217 0.671290268691765
"LOR006C" 0.971810081227486 0.941461093979571 0.618975489997495 0 0.987360794371193 0.969641950097325 0.826161446799091 0.91244898429486 0.672874748222291 1 0.871697170875825 0.953260689806894 0.878879166564142 0.844886718712669 0.976582494540281 0.935295800769507 0.93988891718596 0.918744847145385 0.926845007751442 0.917594455699348 1 0.940132040728681 0.993314955140277 0.891148461477796 0.962174255964072 0.967980844159409 0.78625568867307 0.905526100195872 0.925422508692768 0.934820593237324 0.950402041321734 0.923429041561134 0.955790711431047 0.917197033146539 0.931970362727378 0.87400458967265 0.968997993060673 0.978292360753151 0.937352574006662 0.941961655699598 0.917124301717274 0.831933817137989 0.90472121358906 0.874044443888937 0.94438903464388 0.879931675513811 0.983815162835524 0.971441215539927 0.908797496291239 0.993398632415837 0.955263762278407 0.982449338565953 0.945614380325088 0.932552996236009 0.807925765163932 0.98322356830339 0.810778779128125 0.716831935430351 0.79589543719344 0.946539044440774 0.79956381785607 0.77144570172242 0.678059629018467 0.988987006047787 0.782064715629474 0.989481552750274 0.935734510301118 0.996771506358665 0.926706458074435 0.85790892437182 0.937458673393391 0.87252287173308 0.727009831413204 0.823089703232823 0.83806581142272 0.82568422803481 0.977056294032485 0.966326437181885 0.928718938613284 0.830717936590719 0.946152389541289 0.863063318203018 0.738827621767077 0.912422875721985 0.958919930626027 0.850409706958144 0.601730708699879 0.94335388710467 0.922570855130756 0.815038863281831 0.992468512331135 0.918053227667191 0.938926835421229 0.856916403996777 0.988779115125731 0.946054795932655 0.941102147065987 0.86153045711819 0.949236701490788 0.593678921171035 0.762990046080694 0.79834523581466 0.738424346952475 0.914362940515412 0.881297607926872 0.674259469625259 0.768561724008138 0.898991093356042 0.918176394492989 0.956276761184939 0.922372166291351 0.85225920516937 0.967245525658573 0.901646386341149 0.964502811611919 0.965167817327154 0.920221605068428 0.83178563058888 0.96657182434822 0.947026379450787 0.938243342159042 0.866411760965749 0.858293712656971 0.82365926907632
"LOR007C" 0.865183550077599 0.740343248200589 0.891140813130735 0.987360794371193 0 0.743467206010608 0.781598733632071 0.829276897553089 0.899839714616332 1 0.962525402219293 0.813845271111022 0.759894871694788 0.846074372670544 0.863433945130489 0.883855882864367 0.703274967400484 0.674991782445649 0.834323052554125 0.752595224418561 0.818329714499642 0.900535449194262 0.955827705675003 0.724173878099871 0.824007224734785 0.860349689993784 0.826624567111823 0.803968445367064 0.754637598657735 0.75715372740275 0.832518268956042 0.859271531731559 0.867425538724698 0.827045385811949 0.804559980927139 0.774123099432479 0.893770654206263 0.871852899681829 0.848600814546024 0.715441621687349 0.822821080587959 0.831240398543364 0.710031827670253 0.765372769073438 0.840529966978818 0.787726039506717 0.880344034849786 0.844347459466242 0.691705440070608 0.923018421204753 0.81742072971938 0.965824751323692 0.847666463311911 0.821496617902063 0.816769863664904 0.875547008951062 0.806303411818615 0.869919492709052 0.816671205094138 0.795270638032893 0.826730545748767 0.856486680834861 0.874354604223393 0.790019341339739 0.85063631665447 0.969601158148535 0.844085441026602 0.977955700342757 0.778422159915305 0.803850508270082 0.826763767108032 0.779855140561343 0.858373632483581 0.806241299587999 0.866803544902711 0.848024973823456 0.847726761333216 0.880186511093377 0.653091022414264 0.875972681066915 0.778729291506835 0.766153548409862 0.851321162451024 0.804943330090001 0.679616060043627 0.814099337596305 0.900939733359853 0.65973553573842 0.670153369218386 0.809506360389468 0.742014842255765 0.778320325136668 0.800008824144862 0.810375975851971 0.918341122898797 0.897023221313253 0.687329896256796 0.759694288639156 0.774907857762913 0.894835499316716 0.834490339897819 0.815741442297225 0.834971362820833 0.833138285055629 0.773702481931058 0.878303414752274 0.86929282442143 0.78446127931282 0.86267237548156 0.666991977762774 0.840434744737648 0.797181319140197 0.84150385956722 0.77845172725976 0.777010471378519 0.822524327527509 0.803930933100298 0.825014471483257 0.805224932908079 0.705919043372626 0.883310518534406 0.750380829477235 0.775213569983127 0.852905059258205
"LOR008C" 0.876040719083568 0.713474553639238 0.845559936386534 0.969641950097325 0.743467206010608 0 0.850453748598934 0.915605556034183 0.846223435515996 1 0.978743857994918 0.830103060115386 0.841972164791219 0.776746177607276 0.881292239702917 0.913133757751519 0.745619326026207 0.780989052524993 0.851541299251368 0.870530568000309 0.892649977291887 0.909742989124647 0.975870572062432 0.801246036590314 0.869270858124053 0.918520377440831 0.787266290691723 0.881545341819272 0.872642641144679 0.891761193987528 0.880221303975062 0.935547175758247 0.947645392776748 0.912515113995448 0.821585712388882 0.848615077297504 0.878118772533298 0.924611357814058 0.906354371856787 0.840008977762847 0.923209701083373 0.894239671048964 0.832812995254499 0.862251429699881 0.843657120171001 0.834945535633478 0.947746482631392 0.886643506325225 0.843041911534634 0.974664376487814 0.850591894576816 0.979533413318684 0.921872052171485 0.837751871858735 0.860559176625139 0.935042204291701 0.814469691843836 0.850416422030916 0.842526653751108 0.831957010562793 0.818724650775126 0.854128707084085 0.856840811733441 0.939540723839593 0.806876756932458 0.988533469579313 0.866867662216895 0.993487564665807 0.866278872909449 0.840317676509791 0.933932619857524 0.818928129583219 0.822802641811291 0.83115805612041 0.87538727938093 0.908947798028729 0.921733033532512 0.840889503613722 0.770477116367204 0.865113657886939 0.822852730813182 0.787924124365867 0.834963780643132 0.896358429326902 0.852055651809285 0.904491809671087 0.801083672919809 0.778052809450837 0.758639394146957 0.859172936901574 0.916040903916273 0.875911994485008 0.901992397085612 0.863026582826023 0.958300593716486 0.848168058308043 0.780400825082271 0.808396446532927 0.917328720262162 0.848430833599218 0.846629236992424 0.81361627382251 0.822037134855233 0.84499918627898 0.831049519954074 0.853620022901368 0.883607297660684 0.876587356264687 0.850736794968776 0.815290543792734 0.829184546919966 0.825615997261239 0.834197414161842 0.870299934300554 0.927701776995772 0.809877424298904 0.858272238511919 0.812090079782331 0.926318395673724 0.888981725201498 0.847262739281027 0.848268819598631 0.819667210510902 0.887447466694689
"LOR009C" 0.821026139370127 0.687365928488594 0.623255237766576 0.826161446799091 0.781598733632071 0.850453748598934 0 0.5389397069007 0.638115315914374 1 0.551484412981904 0.819232429693509 0.452838445301902 0.402487290864645 0.910604751762096 0.76215808225819 0.744418406192086 0.578981403485208 0.708497395226292 0.558718846834659 0.847773922079385 0.787672483186726 0.975352542671267 0.471223677434861 0.837157806240394 0.883695121301468 0.368969432182026 0.583445359791472 0.577078634602359 0.668707392946372 0.708617590614904 0.633321862680231 0.735982490461716 0.646662277539247 0.719784222866834 0.404910850896584 0.915343102760835 0.921765014879409 0.756164172143558 0.594479089720061 0.602255601686147 0.35413352811989 0.434471104121726 0.285282047959533 0.782375254561625 0.515810542223756 0.919491391325315 0.850539002473129 0.511498580848446 0.97970760096466 0.799030788677703 0.937743228936866 0.744674092011311 0.770599313691908 0.372157927049977 0.942531961050619 0.277334137091802 0.48350277236858 0.215519355656529 0.777546899799025 0.3315167769656 0.567670089159244 0.552634367190013 0.915400278928492 0.409157357509063 0.960662160324571 0.77569549881035 0.983246504649296 0.663471540683856 0.375485158646838 0.714553497283046 0.412699648241923 0.484698080827625 0.296827597271117 0.400381635194123 0.361937837762351 0.90944581755019 0.913873797890486 0.536283991328365 0.52063574470048 0.751129076226718 0.307829039737051 0.426271326437443 0.623382087593992 0.662824087476501 0.287046213776405 0.660957005989908 0.556465055701032 0.602400317761737 0.23651283996779 0.864853643446643 0.582022238116323 0.63978155480724 0.43139142754855 0.953805891899248 0.850360781395016 0.679547004652185 0.357312544146389 0.797857195297777 0.64655137619349 0.500199681153993 0.329085148378019 0.379970972899608 0.647048011536414 0.421185593740107 0.476217499562548 0.510846531329222 0.422244471658612 0.711271528145525 0.690879147794704 0.733503082278068 0.402049905967919 0.882884098941811 0.520681005159484 0.719676690188429 0.89675838051604 0.580440030775741 0.325779955772034 0.830049756962676 0.630449597172837 0.801767081358591 0.273600270352048 0.295991271544819 0.288430197208846
"LOR011C" 0.82127762421555 0.643880160217659 0.810529672093518 0.91244898429486 0.829276897553089 0.915605556034183 0.5389397069007 0 0.818907689137792 1 0.62016997928195 0.861576177929194 0.497945087204831 0.581548369591081 0.937493407945125 0.70479024261079 0.761560390345423 0.5737220973443 0.705473614010554 0.518374147083856 0.753280472601842 0.771927777328365 0.954680946158185 0.448743934444985 0.84350161780455 0.873921568490704 0.627081428959962 0.466110161072794 0.531630846077008 0.573287893749211 0.56503988061228 0.508352479581162 0.513059826001691 0.54208885928528 0.708912140055531 0.450785597582962 0.933934178734807 0.914052626420941 0.737967664555975 0.603118832403119 0.508911169400585 0.627071796124516 0.448839140235278 0.445653384383114 0.769568650506711 0.514235343431669 0.862369257224095 0.880109003387608 0.517479210503592 0.968720567297907 0.837174883966847 0.940846423611492 0.609842552445496 0.744832946608459 0.610717031099584 0.944447586411345 0.64924891337129 0.697098759115828 0.551163657608466 0.770663032585624 0.61322524688992 0.744112417322577 0.735955178369848 0.870133941944653 0.714575925276659 0.937881468011427 0.782662653030895 0.976302916799687 0.634530941907021 0.524401130993224 0.58884148270003 0.493636014093652 0.695731202656213 0.582890688178966 0.643080829034247 0.642974215257656 0.895724214035848 0.949518540900834 0.575078132361353 0.707347691219554 0.755869767876569 0.484799926269239 0.665384762429652 0.661303730448296 0.614878689516274 0.520480225125122 0.827743342531451 0.628443441324882 0.650349927451771 0.555606069283297 0.811811084881814 0.553705196754621 0.503019196200145 0.492219335250056 0.913499625040068 0.860332947147156 0.685680653916534 0.558454479876367 0.733861781307191 0.790265369169359 0.702171332638393 0.610084239772735 0.669074132546846 0.606404583470253 0.430498865126876 0.687969833602571 0.693322506450261 0.377559208130007 0.694687687346917 0.682330107448287 0.710911915035158 0.598285441678111 0.915911037753229 0.454387737295652 0.607528782901279 0.9210148137022 0.50898711694944 0.596748917707196 0.757747659234494 0.539752613231959 0.803458958678085 0.42099652560476 0.431802567269214 0.513641676196727
"LOR012C" 0.951977969152085 0.844552085857441 0.421418425855609 0.672874748222291 0.899839714616332 0.846223435515996 0.638115315914374 0.818907689137792 0 0.97005160975877 0.770348081943573 0.929669908443727 0.75453717918267 0.676927999186416 0.958468278177525 0.877638444954515 0.871806887615639 0.831069512644673 0.874890471879111 0.81962915921707 0.955114542243281 0.894327686062568 0.987031937637663 0.754236074318578 0.93156410236588 0.940438302708758 0.544923881000715 0.803559202356312 0.841544114557421 0.856379070265367 0.899666907396464 0.863768200069498 0.916391857156147 0.840238787122284 0.884597152938504 0.761670445662265 0.963837391612675 0.961291831839686 0.878227986707874 0.838948599410887 0.848219602559204 0.667347263138015 0.780822604665594 0.730023808620937 0.915959728729569 0.774965082060498 0.966218763190253 0.945429252531571 0.790227710063037 0.989038530327373 0.928811380098201 0.967464805839858 0.877102266379794 0.892431482862669 0.581432219435777 0.970591543744954 0.584051647360531 0.465013447316492 0.608844724639465 0.909653182074979 0.585518525484263 0.56989471552087 0.395717921492127 0.97743512186001 0.580698374564194 0.981070247935103 0.900845067377357 0.99278090034433 0.861885044330682 0.744881968638158 0.87489992187432 0.709554342726468 0.45099581282113 0.637600052374148 0.720268209651725 0.66897854811683 0.954440914080766 0.959789513158744 0.791348291573038 0.692395988059533 0.886385724206843 0.70192162471104 0.492498581547182 0.812378986889621 0.887020598238628 0.7130748947668 0.367892214950303 0.833390804531662 0.820787794755375 0.610563474221683 0.967230772735844 0.84080691095255 0.873725128117947 0.746331901982184 0.977842583852776 0.928519682899489 0.827556650308075 0.72416028359812 0.888492655003603 0.468536469108274 0.550126927747859 0.594497443672 0.479031169468513 0.863300801781639 0.773196640084333 0.381667506297635 0.601046106521073 0.795397115248649 0.863789270873883 0.841634682729887 0.87826740492539 0.708042260386515 0.950578419053764 0.805747158689469 0.92217530713973 0.953545749628217 0.843145578853084 0.65980970960844 0.928617525895773 0.874609288351298 0.90970585838612 0.701963117276445 0.718938902923067 0.67444730914078
"LOR013C" 1 1 1 1 1 1 1 1 0.97005160975877 0 1 1 0.999573750881448 0.999824000185204 1 1 0.999294108183416 1 1 1 1 0.999894081501525 0.999991630413983 1 1 1 0.999981368973438 0.999913261730647 1 1 1 1 1 0.999912514070789 0.999988731099871 1 1 1 0.999261030501385 1 1 1 0.999984092030995 1 1 1 1 1 1 0.99919584573097 1 1 1 1 1 1 0.999259631477346 1 1 1 1 1 1 1 1 1 0.999989074659048 1 1 1 1 1 1 1 1 1 1 1 1 1 0.999810900714472 0.999566493309374 1 1 1 1 1 1 1 1 1 1 0.999912929570327 1 0.998516447098051 1 0.999921788547047 1 1 1 1 1 1 1 1 1 1 1 0.999926418588814 1 0.999989664823901 1 1 1 1 1 1 1 1 1 1 1 1 1
"LOR014C" 0.984211843405841 0.877683305003372 0.809935183351414 0.871697170875825 0.962525402219293 0.978743857994918 0.551484412981904 0.62016997928195 0.770348081943573 1 0 0.909834595606136 0.512917866437545 0.636590531865762 0.967615727666012 0.704471603971603 0.8396726327392 0.738226805674215 0.764521483199469 0.681875206624397 0.991883467012111 0.754246687668633 0.961330247404811 0.571047705899842 0.891732112121872 0.908668216872298 0.695496711852605 0.577287176438871 0.713150715447435 0.681602829976411 0.838780510841544 0.631359529727245 0.796101818100479 0.597583435135502 0.808093624159527 0.529318723437373 0.978608458664925 0.934192133018514 0.764304117352442 0.776792587811225 0.616327674332471 0.558067323282085 0.632438486932795 0.515830446766219 0.872948069533819 0.587967919893078 0.92728722496386 0.942786306225372 0.649768535385587 0.970553130908172 0.923843292193322 0.972946733128985 0.684503207638336 0.806721287523052 0.678869198368899 0.954579816866258 0.545084478486042 0.751635338759144 0.624528863671133 0.865609067783866 0.677749177345589 0.789134416730086 0.781865253871096 0.958964997024539 0.61205277667753 0.93164563500409 0.85162618885393 0.978054271883372 0.750340519602958 0.504305869773366 0.62944695093859 0.58225737062554 0.751765965733944 0.66232551937382 0.691837769442019 0.601800244727137 0.917797746679172 0.968443865252835 0.753962911889081 0.759309149166584 0.856969015860162 0.555447073942742 0.720802571538266 0.764864435807181 0.844196703395925 0.536220485164576 0.796558780315984 0.836342493845042 0.781341068623322 0.634675988641422 0.949602643701417 0.68380007388004 0.750951411293459 0.564935559054405 0.946143101098769 0.869986664626273 0.778792392311498 0.57677219960705 0.771300204846613 0.827340754691117 0.752949659028985 0.674292160643721 0.700958090004333 0.722669255982125 0.59509134413358 0.744878957707836 0.741029317178214 0.60734302852962 0.708783865749603 0.760094532098481 0.735863884058176 0.670524581896986 0.971583960363995 0.632357571932541 0.850753640005779 0.955779591924496 0.696302160216622 0.667092250539145 0.834936590273725 0.745475074468523 0.838776969037957 0.52114961993987 0.543091009295951 0.602040961779265
"LOR015C" 0.816785163791687 0.738763029626817 0.892374920019254 0.953260689806894 0.813845271111022 0.830103060115386 0.819232429693509 0.861576177929194 0.929669908443727 1 0.909834595606136 0 0.757463053069734 0.808797621392304 0.796937990157662 0.780016176675624 0.619734105131281 0.615898112332023 0.675366748199653 0.803886602093819 0.96471547481187 0.733998640752672 0.950481779662117 0.740618229350769 0.61743177491428 0.78151114692178 0.830729623615507 0.807731487185472 0.754542291538798 0.798551435201202 0.752207747468066 0.816597591806381 0.841239131614695 0.796754937974955 0.651940166604527 0.731586835805224 0.767700466917071 0.815823023320454 0.794521743615773 0.798295084074035 0.775027171506347 0.871169471948408 0.747436732110482 0.813260363699482 0.618003702633941 0.732668718117317 0.869940529816198 0.791671294256193 0.768951953657172 0.958345534193869 0.694386810276484 0.969359282714738 0.836303898938998 0.654521943640341 0.895172654210378 0.853218665337906 0.819345209081629 0.860694296458247 0.818129553150142 0.642414636984753 0.846193523819374 0.893705784687415 0.878644005620752 0.865841881206221 0.784191204445444 0.894874121728792 0.693593775134644 0.964030487630061 0.700423024690317 0.712688623697793 0.792165648105614 0.850701593006359 0.860895217567729 0.844839106297522 0.824258257967456 0.864919232739046 0.800459873000656 0.697721379660506 0.766833547966666 0.866355627052152 0.695773251589471 0.778887933881727 0.848304054209732 0.893008145098252 0.762789197462684 0.837392516422959 0.922961201053282 0.746726305179315 0.704884857890277 0.859792434988072 0.893465217133976 0.713070166155863 0.791108208175921 0.817289349195194 0.913675385058212 0.556315403509549 0.789252106103193 0.757467133664937 0.844066376293522 0.903564833780655 0.873875499380726 0.829952511948564 0.834074099021652 0.679068776246611 0.739947818686901 0.856335204296874 0.856431928572091 0.759367988871527 0.649451321097352 0.812371574149437 0.553215689609083 0.817647444373293 0.663823229723499 0.763297203301067 0.807808518985718 0.621322301377858 0.732763832381511 0.813700883248142 0.785958411543022 0.738280544289925 0.617699080788082 0.82962366119344 0.775460371179316 0.843887114230429
"LOR016C" 0.875015192938743 0.684127563848563 0.757016793811312 0.878879166564142 0.759894871694788 0.841972164791219 0.452838445301902 0.497945087204831 0.75453717918267 0.999573750881448 0.512917866437545 0.757463053069734 0 0.571749440960359 0.867080174729968 0.642961877793046 0.67061326291629 0.449838989922885 0.591740557638648 0.454369824072272 0.930509538084966 0.679765802681617 0.961909335710054 0.332051507407588 0.749403445940833 0.822989425032876 0.607804091708864 0.409749080065215 0.461559232991638 0.569738529021235 0.677117956470978 0.524875046984126 0.713054436424024 0.46152106873813 0.600611590992824 0.283177974007702 0.865497067525605 0.873360746657719 0.637862019444473 0.634330356122727 0.469491463893839 0.536071179751926 0.350419025047147 0.413254582273999 0.697637241642523 0.370225566175321 0.884204028214691 0.808147902758529 0.41087230979989 0.959750068818854 0.750121380810101 0.944686427499298 0.644284352578853 0.644047355541173 0.635010957607132 0.911836477207715 0.483638917789481 0.683188448078456 0.527084462026417 0.654930367379897 0.58417724547443 0.729903076331622 0.720846380483015 0.868580539142496 0.5430714090254 0.940663801776882 0.696448308977068 0.975219688471937 0.513535715062397 0.337025819487633 0.568679831964016 0.479807643122119 0.680641889806763 0.564153061759041 0.618990619608659 0.529600575697829 0.851372986812713 0.851953203886579 0.512112070279491 0.692743552082188 0.700180405881002 0.399106246021453 0.645377265293872 0.652743936496343 0.679158172044621 0.490317518139144 0.761638763456745 0.601466577453921 0.517083142665622 0.554118357065428 0.831332236344589 0.434810217094173 0.58592874204719 0.476300249249523 0.932738997633207 0.760880673531985 0.621489975176255 0.431218913348542 0.730411726658215 0.779335704486358 0.684149908724658 0.58343197429859 0.617242869718123 0.52969481771062 0.335587943671989 0.685380755027659 0.668891199671733 0.37218617316192 0.56756448287937 0.642466979888738 0.57415820952323 0.573200460142292 0.837168397672839 0.390534665937029 0.724564408215992 0.816914428958675 0.481409676608934 0.573906425054804 0.752213181964985 0.577173933544786 0.717236793361582 0.431103549862271 0.41856199259373 0.519588335364623
"LOR017C" 0.790213013753366 0.652445233861524 0.57962991460285 0.844886718712669 0.846074372670544 0.776746177607276 0.402487290864645 0.581548369591081 0.676927999186416 0.999824000185204 0.636590531865762 0.808797621392304 0.571749440960359 0 0.927144006249685 0.795746597415309 0.738451243347337 0.638127358071719 0.748239863649823 0.656014377859246 0.830339447302862 0.829114680311289 0.977158796711048 0.536012565792103 0.864516004258156 0.8921030724609 0.389588297462659 0.650591842168004 0.669077681556707 0.741175783859534 0.724770201130496 0.698103361701305 0.7456362446852 0.700726519762414 0.732148113806458 0.496496750046004 0.906096780160178 0.928443768290202 0.800258477891289 0.659575761604881 0.673045015084328 0.538173413655779 0.599350828551039 0.443328173107984 0.740661476505317 0.573104299306036 0.931260882237622 0.887537959778179 0.622418944711528 0.97007466670203 0.810991558431127 0.940502384833155 0.790497183754152 0.760720290687718 0.508648705164289 0.953589506698477 0.437613286629149 0.510792974822527 0.396193078282664 0.787328151869918 0.423414165355057 0.582869279959889 0.552528883718666 0.921322428102765 0.515749235370059 0.968404322252633 0.72463421055054 0.986439939875648 0.714009402265802 0.444177154165073 0.769363951455305 0.41475078183145 0.499691524864596 0.437405922214676 0.45181666576473 0.544897244639023 0.913543259967801 0.900589072974838 0.612519542635353 0.533871288242325 0.767904848600813 0.377454656687081 0.480744825576432 0.66363707576106 0.718750608358284 0.440429355707972 0.633654797520616 0.629085387303747 0.643137650397857 0.447223785340169 0.886676722365945 0.647930170974694 0.702642973026577 0.453073401134773 0.957549182974238 0.81489103904851 0.715625751780288 0.451703550649662 0.821303817606266 0.641065294771035 0.535142714824649 0.413775375586306 0.448877772217781 0.650327008336526 0.503621570868063 0.493074062499224 0.564518541391317 0.558121482297318 0.739089015221446 0.751837379367398 0.721997947249418 0.435572376047038 0.840162899415035 0.592077022469894 0.752315093126352 0.865748663272406 0.653796611604031 0.366356556094308 0.861647287258812 0.717910970858822 0.765512143072408 0.422578637724056 0.384411881308714 0.436841334572239
"LOR018C" 0.919522870915919 0.878681066320995 0.961958071954378 0.976582494540281 0.863433945130489 0.881292239702917 0.910604751762096 0.937493407945125 0.958468278177525 1 0.967615727666012 0.796937990157662 0.867080174729968 0.927144006249685 0 0.801785989220685 0.799597996830567 0.828633170714553 0.803193328180689 0.870603325811349 0.986220204290263 0.748396454985543 0.933041694463015 0.851727332970817 0.666448729401225 0.811855522671724 0.939567829854167 0.877294555271649 0.842568590840788 0.881229462849472 0.810204027493684 0.861402645620353 0.918109438831829 0.860014568631741 0.81089994432752 0.878353430489686 0.79163562935401 0.743326993037196 0.861888666118042 0.921029736926797 0.869861982349669 0.931994419694886 0.869673904463196 0.909779141131465 0.795512750191148 0.877005250836434 0.89299587869458 0.779286090453563 0.872128368047781 0.933613715943835 0.863614020988727 0.990525212104131 0.942798527412087 0.810389128665595 0.958241028231537 0.759520547444586 0.915669936174087 0.950286308575063 0.923442176650132 0.785940384357868 0.927625549154764 0.957933182826635 0.956895166615506 0.818825278024214 0.92256701814866 0.956580039076484 0.878693897014305 0.977122255938988 0.826814213716096 0.894320372490255 0.908131829940303 0.913455658299756 0.950133251895001 0.932739889142175 0.938118951640514 0.93684742897441 0.776390517867003 0.6153906689827 0.882155152179319 0.951955203841096 0.819577909039312 0.906136380394299 0.944951180261737 0.946962869520199 0.874308003256551 0.924961755783521 0.959289620225297 0.869278230349473 0.866069017541707 0.933211151455641 0.890114711087253 0.832816453795514 0.877248908722061 0.914551600918402 0.859973490172362 0.75360551715629 0.850104767847345 0.912727336580139 0.923902539157222 0.965837573754328 0.951221065625488 0.935832840020162 0.940783066681992 0.833114486852482 0.882190151930698 0.948849666606415 0.94888463222162 0.876031565149021 0.801195128100219 0.963466467932008 0.775058988590087 0.934381962477939 0.802651894377926 0.834170780903223 0.92486410768716 0.664693811651014 0.821733530156111 0.933380470915708 0.864327597747106 0.90331484538032 0.800364392220983 0.921873512462311 0.906016277415619 0.920647242715376
"LOR019C" 0.937893884435526 0.765016774525833 0.8970212193546 0.935295800769507 0.883855882864367 0.913133757751519 0.76215808225819 0.70479024261079 0.877638444954515 1 0.704471603971603 0.780016176675624 0.642961877793046 0.795746597415309 0.801785989220685 0 0.645651144325765 0.53151547960963 0.528554820831413 0.584823058205543 0.973952041648806 0.494615449445159 0.939567317106704 0.622542054424379 0.694830179370673 0.729773275431795 0.825918570107837 0.537529729561581 0.538615770557123 0.509436297894764 0.659253304208014 0.510641438707325 0.65009745230114 0.505072485100836 0.614578630015294 0.666378990443246 0.861635462449181 0.757240155478159 0.549978656216161 0.661861574840193 0.537439227297602 0.767909563046698 0.635609628598184 0.708330905750516 0.693418141483865 0.661968681831438 0.858308709966569 0.801017607739489 0.607361410477938 0.925617121553397 0.82879158476055 0.961298814962215 0.538888331435887 0.59200338039289 0.838029551380606 0.850737772274024 0.738779354294859 0.86600600905513 0.789358911379253 0.652794321744506 0.809873579765982 0.879784257184006 0.876044316432978 0.855387605772925 0.786175333338741 0.900598317663164 0.731982597872029 0.966322068343673 0.522602500497025 0.69806188880252 0.486606463601817 0.745008208424388 0.862774021522612 0.797581617873731 0.830139212756614 0.76796197043285 0.704216932538263 0.836886686239885 0.627533745549439 0.864875712739496 0.642644722855093 0.728991880845892 0.848880052056652 0.824366081798355 0.699450278559055 0.731118848666136 0.889897581680359 0.711014190871975 0.600840163939507 0.803864643452497 0.839371724903797 0.506645141848107 0.554155068208318 0.752034244558276 0.894502097512927 0.670213050771649 0.589720511526952 0.759178870940129 0.618254748101374 0.901809379747884 0.860178232795983 0.816592248141027 0.836714522518089 0.555046466658632 0.680828907996903 0.857981752886839 0.853544450792571 0.643592115154329 0.46977140061112 0.658293880155102 0.480644265274546 0.807173561749218 0.873614395273801 0.590373326552295 0.752198513030085 0.765203964193334 0.518160696954991 0.820938090199687 0.677115419180711 0.562129867698299 0.656673160287499 0.742779182685735 0.742526401746198 0.768331257840789
"LOR020C" 0.841742797864066 0.557102853867742 0.865024969983714 0.93988891718596 0.703274967400484 0.745619326026207 0.744418406192086 0.761560390345423 0.871806887615639 0.999294108183416 0.8396726327392 0.619734105131281 0.67061326291629 0.738451243347337 0.799597996830567 0.645651144325765 0 0.465383918081883 0.559864862684363 0.724879046584834 0.894415758823885 0.625505897219706 0.95015294353644 0.60716398849666 0.672137478678588 0.702534413163014 0.778579746955829 0.648011245291884 0.659064594435098 0.626646059834625 0.641653927733946 0.725056985242537 0.76266487721293 0.673344537582751 0.516312784052385 0.620380136867469 0.812799703040278 0.794539848480193 0.676845639155803 0.677893224978082 0.725659069426941 0.768230799128138 0.643839189224648 0.703728385401925 0.585357395067152 0.616910059437991 0.859959625510992 0.791361460237117 0.588436035433669 0.893631231313776 0.704689305454347 0.959483505793463 0.698821254954517 0.463305897746163 0.842381379021218 0.867716365545808 0.715744870374486 0.825135097091428 0.748039601872568 0.556801113520996 0.786126140022767 0.83608049242274 0.826295178342878 0.895683571061434 0.755235754026998 0.911377819486056 0.675130722624575 0.967961899892237 0.631293811051207 0.636560347355203 0.707925151689589 0.699871962602986 0.821357430587742 0.770114024390035 0.779040948682079 0.827085373915917 0.757089297970468 0.722188365054445 0.626795762687918 0.821224201483649 0.520257673727129 0.678337303436347 0.799621651930488 0.80863157911821 0.581526541826807 0.747777487192298 0.872139456602172 0.621731856934098 0.536029893258177 0.7991769845933 0.818723737886904 0.641482060515156 0.694792381098288 0.691942979404232 0.88828279589233 0.549768942984011 0.526546104758057 0.66717334935541 0.64203341843116 0.863770865970834 0.805498421571186 0.748026992678961 0.784943789992938 0.535655817526855 0.623762618022224 0.814514778678048 0.811141777097863 0.674131254061579 0.555083496604639 0.638630411244179 0.473679646838893 0.743030294803336 0.736945357347756 0.637446415300035 0.693797346327003 0.611496601588907 0.586425985004105 0.764360401397492 0.707745147121019 0.634746380421469 0.53836745262681 0.748050993718864 0.690945406101057 0.776023403367494
"LOR021C" 0.807026039556371 0.577413102339744 0.806662825968365 0.918744847145385 0.674991782445649 0.780989052524993 0.578981403485208 0.5737220973443 0.831069512644673 1 0.738226805674215 0.615898112332023 0.449838989922885 0.638127358071719 0.828633170714553 0.53151547960963 0.465383918081883 0 0.449342138737486 0.501543765252965 0.865171955861791 0.583873196567994 0.952733236904149 0.391286648404773 0.666937997135212 0.782464158195818 0.683516528319367 0.464941485823988 0.394110818587994 0.44322224427214 0.592800797052577 0.496051922515768 0.637459225917282 0.49670871442971 0.449981771523523 0.423146603850903 0.793523883190474 0.831920218848065 0.558005828262351 0.465452996793275 0.477111879107736 0.653378287073562 0.383317151550482 0.539793753069221 0.573551066565837 0.446331919272146 0.858951364239936 0.765743479304188 0.418076745118156 0.961090584863106 0.660043959185582 0.940363216685107 0.49344722637489 0.520625742634532 0.732021088108719 0.88892636816084 0.61056633380382 0.746879263643303 0.60468757150622 0.50056834296203 0.671249280946845 0.787440749880157 0.780637297412968 0.816335155076002 0.678492007225855 0.922248856392892 0.593443615978249 0.968098999915515 0.361869651194584 0.494595337336567 0.475058645263555 0.610172315963837 0.745997643475216 0.65402331089212 0.67726480598083 0.677748835925136 0.809431559677352 0.767252021090731 0.405008821280412 0.755799230227796 0.5354158453591 0.501600260730452 0.718666086022323 0.733801982274862 0.527357654803379 0.612327513677657 0.827399631587087 0.480335573239484 0.289238609684839 0.667816964656986 0.778758146851067 0.337525057142703 0.478714950770059 0.601480660784954 0.914712390004208 0.647457277511 0.462930627842439 0.547891260194763 0.65558861653997 0.827046881548111 0.751493841394745 0.670326481276196 0.6958262343728 0.393020967248901 0.400427256510499 0.738702164063624 0.752340398083533 0.46356090865816 0.382365835450392 0.499651764988863 0.400923519131542 0.65539247361369 0.765473984659806 0.432756241563791 0.6647104640253 0.726478957107908 0.367780682957979 0.657401360340165 0.685000426837098 0.37359392560663 0.590207738000659 0.578741987632929 0.506455783031921 0.624674969878697
